Solved Puzzle: 
10 13 21 11 23 24 2 25 3 6 8 5 20 17 7 9 4 12 18 16 14 19 22 1 15 
12 22 5 24 14 19 4 8 16 17 3 15 1 6 10 11 25 21 13 7 9 2 18 23 20 
6 9 4 17 1 21 18 15 11 22 13 19 2 23 14 8 20 5 24 3 16 12 25 10 7 
18 2 7 16 8 12 20 1 13 9 24 25 22 11 21 23 10 19 14 15 5 6 3 4 17 
3 20 19 15 25 14 7 5 10 23 9 12 4 18 16 6 22 2 17 1 13 8 21 11 24 
2 15 14 21 16 6 1 18 24 25 19 3 8 4 11 17 7 9 5 10 23 22 12 20 13 
8 19 13 25 5 3 11 2 12 4 17 22 16 9 6 15 23 24 20 14 18 7 1 21 10 
7 4 10 20 6 8 23 22 9 19 14 21 24 13 5 1 2 18 12 25 3 16 15 17 11 
22 11 17 18 24 7 10 13 20 5 1 23 15 2 12 21 3 16 4 6 8 9 19 25 14 
23 1 9 3 12 15 16 17 21 14 10 20 25 7 18 22 19 11 8 13 2 4 24 6 5 
5 23 18 8 22 20 19 9 15 11 16 4 21 24 17 3 13 25 1 2 6 10 7 14 12 
21 10 6 4 7 2 25 12 18 3 5 11 13 19 23 24 14 20 9 22 1 15 17 8 16 
24 14 16 19 13 4 5 23 17 7 6 1 9 8 15 12 11 10 21 18 25 20 2 22 3 
25 17 1 9 11 13 21 14 22 10 12 7 3 20 2 19 16 15 6 8 4 5 23 24 18 
20 12 15 2 3 16 24 6 1 8 18 14 10 25 22 5 17 7 23 4 21 11 13 19 9 
9 18 3 7 10 23 22 21 8 24 4 2 11 16 19 14 6 1 15 17 12 13 20 5 25 
17 8 23 1 20 5 13 11 19 15 22 6 7 3 25 18 21 4 16 12 24 14 10 9 2 
4 16 22 12 19 25 9 10 6 18 23 13 14 21 24 2 5 8 7 20 15 17 11 3 1 
15 24 11 14 21 1 12 3 2 16 20 10 17 5 8 13 9 22 25 19 7 23 4 18 6 
13 6 25 5 2 17 14 4 7 20 15 9 18 12 1 10 24 23 3 11 19 21 8 16 22 
1 7 12 10 9 18 17 19 23 2 25 24 5 14 20 16 8 13 11 21 22 3 6 15 4 
16 3 20 13 17 22 8 24 14 12 11 18 23 1 4 7 15 6 19 9 10 25 5 2 21 
19 21 24 23 4 9 15 7 25 1 2 17 6 22 3 20 12 14 10 5 11 18 16 13 8 
11 5 8 22 18 10 6 20 4 13 21 16 12 15 9 25 1 3 2 23 17 24 14 7 19 
14 25 2 6 15 11 3 16 5 21 7 8 19 10 13 4 18 17 22 24 20 1 9 12 23 
